10 0.065625 0.5 0.0703125 0.0796875
10 0.21015625 0.48125 0.0578125 0.0640625
10 0.26796875 0.46328125 0.053125 0.0640625
10 0.35703125 0.45546875 0.05 0.08359375
10 0.40625 0.44765625 0.040625 0.06328125
10 0.44453125 0.43984375 0.0375 0.0671875
10 0.503125 0.42734375 0.0359375 0.0640625
10 0.53984375 0.42578125 0.0390625 0.06015625
10 0.5859375 0.4125 0.0375 0.07890625
10 0.63828125 0.39921875 0.0515625 0.0421875
10 0.684375 0.3953125 0.0375 0.053125
10 0.72109375 0.396875 0.0359375 0.05703125
10 0.76171875 0.39765625 0.04375 0.05859375
10 0.80390625 0.39140625 0.03828125 0.0640625
10 0.85390625 0.3921875 0.04921875 0.07734375
10 0.92734375 0.37109375 0.05625 0.0546875