3 0.74921875 0.86328125 0.02265625 0.06953125
3 0.72421875 0.8421875 0.021875 0.0765625
3 0.68984375 0.825 0.01953125 0.05078125
3 0.659375 0.80859375 0.0265625 0.0625
3 0.62421875 0.809375 0.034375 0.08203125
3 0.534375 0.74140625 0.02734375 0.0671875
3 0.2890625 0.70078125 0.02578125 0.05625
3 0.50625 0.625 0.03046875 0.0578125
3 0.42421875 0.72734375 0.0421875 0.0609375
3 0.440625 0.6921875 0.028125 0.040625
3 0.45234375 0.65859375 0.0265625 0.0484375
3 0.41015625 0.64765625 0.034375 0.05859375
3 0.05546875 0.709375 0.04375 0.0921875
3 0.1265625 0.71171875 0.04296875 0.05234375
3 0.19921875 0.71328125 0.0453125 0.05546875
3 0.13515625 0.77578125 0.046875 0.05546875
3 0.68125 0.4359375 0.0296875 0.03984375
3 0.72578125 0.43984375 0.0296875 0.04296875
3 0.7734375 0.44765625 0.02890625 0.059375
3 0.80859375 0.43984375 0.01640625 0.04921875
3 0.86171875 0.434375 0.03125 0.0328125
3 0.46484375 0.5265625 0.0203125 0.04765625
3 0.246875 0.53203125 0.04296875 0.040625
3 0.221875 0.48125 0.04609375 0.0421875
3 0.3203125 0.48359375 0.0328125 0.0515625
3 0.27421875 0.4875 0.025 0.03671875
3 0.35 0.46796875 0.015625 0.02890625
3 0.4125 0.4875 0.02578125 0.02265625
3 0.5625 0.40703125 0.0203125 0.040625
3 0.57578125 0.471875 0.03203125 0.05
3 0.64140625 0.440625 0.01953125 0.0265625
3 0.37890625 0.41796875 0.02265625 0.04453125
3 0.4140625 0.43671875 0.01171875 0.02421875
3 0.49609375 0.49375 0.02734375 0.03515625
3 0.4671875 0.44609375 0.0296875 0.04375
3 0.36875 0.65234375 0.025 0.0671875
3 0.1546875 0.56875 0.02734375 0.0421875
3 0.378125 0.48046875 0.02734375 0.03203125
3 0.4234375 0.3890625 0.02265625 0.05859375
3 0.4515625 0.37734375 0.025 0.03125
3 0.43671875 0.43203125 0.01328125 0.0328125