1 0.13125 0.86953125 0.059375 0.06875
1 0.21171875 0.9078125 0.0484375 0.13125
1 0.16015625 0.90078125 0.04375 0.09140625
1 0.31875 0.83828125 0.053125 0.11328125
1 0.26796875 0.92734375 0.03125 0.11328125
1 0.33828125 0.94140625 0.0671875 0.1140625
1 0.40703125 0.89375 0.04453125 0.1203125
1 0.5109375 0.95234375 0.0609375 0.0953125
1 0.025 0.8578125 0.04921875 0.09921875
1 0.0265625 0.79609375 0.05234375 0.08671875
1 0.61796875 0.8421875 0.04765625 0.0984375
1 0.53125 0.79609375 0.0578125 0.08671875
1 0.45625 0.76328125 0.0484375 0.12421875
1 0.39609375 0.7515625 0.04296875 0.08671875
1 0.33828125 0.7265625 0.0609375 0.121875
1 0.24140625 0.82265625 0.0640625 0.09453125
1 0.19375 0.73359375 0.0484375 0.08671875
1 0.1453125 0.70625 0.0484375 0.090625
1 0.1203125 0.67109375 0.03828125 0.06875
1 0.16875 0.57265625 0.04375 0.090625
1 0.29921875 0.5078125 0.0359375 0.06015625
1 0.23515625 0.625 0.05 0.04375
1 0.2796875 0.56796875 0.04921875 0.05
1 0.359375 0.56484375 0.04375 0.0609375
1 0.3890625 0.5 0.0453125 0.04765625
1 0.41328125 0.46484375 0.03671875 0.04921875
1 0.415625 0.60078125 0.040625 0.03515625
1 0.365625 0.6625 0.05 0.0515625
1 0.290625 0.63828125 0.0390625 0.07421875
1 0.41328125 0.6515625 0.059375 0.0625
1 0.6765625 0.7578125 0.0359375 0.0953125
1 0.58515625 0.71640625 0.04921875 0.07109375
1 0.6328125 0.69453125 0.02421875 0.07578125
1 0.58359375 0.8265625 0.025 0.07578125
1 0.67578125 0.9046875 0.059375 0.11640625
1 0.765625 0.80234375 0.0296875 0.09921875
1 0.7234375 0.81640625 0.021875 0.0921875
1 0.87109375 0.8859375 0.04375 0.096875
1 0.8375 0.965625 0.04140625 0.06875
1 0.7515625 0.70625 0.03984375 0.08125
1 0.69375 0.64921875 0.04140625 0.05625
1 0.65234375 0.61640625 0.0328125 0.0578125
1 0.57890625 0.60390625 0.04296875 0.0859375
1 0.528125 0.62734375 0.05625 0.07109375
1 0.49140625 0.58984375 0.03828125 0.0140625
1 0.4828125 0.553125 0.0375 0.0734375
1 0.446875 0.521875 0.0390625 0.046875
1 0.4703125 0.66953125 0.03125 0.096875
1 0.82265625 0.7140625 0.0453125 0.09296875
1 0.83984375 0.6296875 0.021875 0.06640625
1 0.7953125 0.60078125 0.028125 0.0453125
1 0.95390625 0.8375 0.0390625 0.0796875
1 0.89921875 0.515625 0.03671875 0.0703125
1 0.86953125 0.5625 0.021875 0.02578125
1 0.696875 0.571875 0.0625 0.09296875
1 0.6359375 0.5125 0.04453125 0.05078125
1 0.54765625 0.475 0.01953125 0.03359375
1 0.875 0.7671875 0.021875 0.08359375
1 0.92109375 0.6515625 0.03203125 0.065625
1 0.96484375 0.75703125 0.05234375 0.0796875
1 0.953125 0.665625 0.02265625 0.0984375
1 0.95625 0.54296875 0.0140625 0.04453125
1 0.9796875 0.628125 0.01796875 0.090625
1 0.84296875 0.51640625 0.0328125 0.0578125
1 0.8328125 0.45 0.021875 0.06875
1 0.8125 0.55859375 0.02421875 0.04453125
1 0.75390625 0.5765625 0.03046875 0.0625
1 0.5015625 0.46640625 0.025 0.053125
1 0.46640625 0.471875 0.02578125 0.04609375
1 0.58203125 0.95625 0.0453125 0.0875
1 0.73125 0.47890625 0.0328125 0.078125
1 0.68828125 0.4828125 0.028125 0.0671875
1 0.58984375 0.521875 0.0265625 0.0609375
1 0.52578125 0.41875 0.046875 0.06015625
1 0.6359375 0.45546875 0.0359375 0.04765625