2 0.8921875 0.3953125 0.05 0.053125
2 0.83515625 0.41171875 0.04765625 0.059375
2 0.71640625 0.44140625 0.0421875 0.0390625
2 0.7671875 0.43984375 0.04140625 0.04921875
2 0.725 0.48359375 0.0390625 0.03359375
2 0.61171875 0.52109375 0.04375 0.06875
2 0.559375 0.55546875 0.04375 0.06484375
2 0.59921875 0.44375 0.02578125 0.05625
2 0.56171875 0.48359375 0.0296875 0.08671875
2 0.5640625 0.28984375 0.03671875 0.096875
2 0.51796875 0.24609375 0.01796875 0.03125
2 0.49765625 0.23671875 0.02578125 0.0390625
2 0.43046875 0.3296875 0.0296875 0.0421875
2 0.40390625 0.2796875 0.04375 0.0453125
2 0.47578125 0.43125 0.02890625 0.053125
2 0.175 0.4359375 0.0140625 0.05
2 0.31328125 0.52890625 0.0453125 0.0296875
2 0.44609375 0.41484375 0.025 0.0390625
2 0.52109375 0.35546875 0.02421875 0.040625
2 0.5921875 0.38828125 0.02734375 0.0390625