1 0.93515625 0.86875 0.0609375 0.10234375
1 0.86015625 0.95234375 0.07734375 0.0953125
1 0.66796875 0.9703125 0.0609375 0.059375
1 0.5765625 0.91796875 0.07109375 0.0890625
1 0.40234375 0.89453125 0.06015625 0.1046875
1 0.2375 0.88828125 0.07734375 0.10234375
1 0.13515625 0.9625 0.0609375 0.05
1 0.15 0.62890625 0.065625 0.05625
1 0.26640625 0.62109375 0.06328125 0.09375
1 0.22578125 0.540625 0.05625 0.05859375
1 0.3 0.5390625 0.0515625 0.0546875
1 0.3296875 0.85859375 0.0796875 0.06484375
1 0.3203125 0.765625 0.06953125 0.04765625
1 0.146875 0.3 0.01953125 0.040625
1 0.0515625 0.38984375 0.04296875 0.05625
1 0.121875 0.37109375 0.04296875 0.0828125
1 0.06328125 0.63515625 0.06015625 0.03359375
1 0.05390625 0.95625 0.0796875 0.0875
1 0.3984375 0.80234375 0.0453125 0.04609375
1 0.39609375 0.74296875 0.07890625 0.0609375
1 0.490625 0.73515625 0.08671875 0.03671875
1 0.45703125 0.81484375 0.06328125 0.09296875
1 0.71171875 0.3078125 0.0484375 0.0703125
1 0.7140625 0.3671875 0.05 0.0453125
1 0.78359375 0.35546875 0.04453125 0.04453125
1 0.90078125 0.565625 0.06328125 0.0765625
1 0.95390625 0.521875 0.053125 0.0921875
1 0.9671875 0.65625 0.05390625 0.08046875
1 0.98828125 0.5921875 0.0234375 0.0453125
1 0.909375 0.7359375 0.03515625 0.11015625
1 0.8453125 0.83828125 0.0484375 0.06328125
1 0.71796875 0.8828125 0.07265625 0.04609375
1 0.61484375 0.78984375 0.0765625 0.0921875
1 0.70234375 0.80390625 0.06640625 0.0671875
1 0.75859375 0.76953125 0.0640625 0.12265625
1 0.82109375 0.6984375 0.06328125 0.075
1 0.8515625 0.63671875 0.05703125 0.0890625
1 0.8359375 0.759375 0.06015625 0.075
1 0.2921875 0.36640625 0.0375 0.03984375
1 0.23984375 0.39609375 0.04140625 0.05859375
1 0.48828125 0.9703125 0.0609375 0.059375
1 0.37265625 0.9765625 0.10390625 0.04609375
1 0.36796875 0.665625 0.05234375 0.0484375
1 0.3765625 0.53359375 0.03125 0.05234375
1 0.4625 0.31171875 0.0296875 0.06015625
1 0.48828125 0.28359375 0.0296875 0.05234375
1 0.13203125 0.5578125 0.0546875 0.05234375
1 0.08125 0.45390625 0.053125 0.04609375
1 0.53828125 0.690625 0.08515625 0.06875
1 0.52734375 0.60859375 0.05859375 0.06875
1 0.76328125 0.6640625 0.04921875 0.06875
1 0.6953125 0.72265625 0.04296875 0.0515625
1 0.38515625 0.37421875 0.0421875 0.05625
1 0.40234375 0.4203125 0.04921875 0.04921875
1 0.2078125 0.290625 0.0296875 0.03125
1 0.2359375 0.296875 0.02734375 0.03515625
1 0.30546875 0.2921875 0.0484375 0.03828125
1 0.36171875 0.30234375 0.04375 0.028125
1 0.43828125 0.48984375 0.05 0.05
1 0.5375 0.51640625 0.0359375 0.0578125
1 0.63671875 0.3296875 0.02734375 0.03828125
1 0.60078125 0.3078125 0.0453125 0.03515625
1 0.61953125 0.3734375 0.0375 0.03203125
1 0.70625 0.51015625 0.0421875 0.0375
1 0.759375 0.48125 0.01796875 0.0640625
1 0.7921875 0.5765625 0.0671875 0.05859375
1 0.621875 0.65390625 0.05078125 0.053125
1 0.61328125 0.56640625 0.06328125 0.046875
1 0.65625 0.4625 0.0625 0.06171875
1 0.61484375 0.5109375 0.084375 0.075
1 0.69375 0.63125 0.0671875 0.0703125
1 0.5421875 0.35 0.04375 0.0515625
1 0.50234375 0.3671875 0.0359375 0.05546875
1 0.45078125 0.42890625 0.03046875 0.02578125
1 0.478125 0.459375 0.040625 0.07421875
1 0.53984375 0.46171875 0.034375 0.034375
1 0.0171875 0.515625 0.03359375 0.05234375
1 0.05 0.58828125 0.034375 0.08125
1 0.08515625 0.5640625 0.0359375 0.03359375
1 0.778125 0.97578125 0.0375 0.0484375
1 0.80078125 0.9109375 0.040625 0.0671875
1 0.42578125 0.63671875 0.05 0.0890625
1 0.44140625 0.55390625 0.03828125 0.04921875
1 0.346875 0.61796875 0.053125 0.06484375
1 0.44453125 0.375 0.04453125 0.04765625