3 0.72265625 0.840625 0.0203125 0.07265625
3 0.746875 0.85859375 0.01796875 0.0828125
3 0.42421875 0.71953125 0.03984375 0.05859375
3 0.4359375 0.68671875 0.0203125 0.0375
3 0.45546875 0.65234375 0.021875 0.0453125
3 0.5109375 0.62265625 0.0484375 0.065625
3 0.52734375 0.7375 0.0234375 0.07578125
3 0.6234375 0.81875 0.0453125 0.078125
3 0.6578125 0.809375 0.025 0.078125
3 0.6875 0.83203125 0.0203125 0.03671875
3 0.05859375 0.71171875 0.03203125 0.065625
3 0.13125 0.71640625 0.04453125 0.04296875
3 0.13359375 0.7609375 0.03828125 0.0609375
3 0.2015625 0.703125 0.0515625 0.05234375
3 0.2953125 0.70390625 0.0203125 0.04609375
3 0.36796875 0.65625 0.02109375 0.0390625
3 0.4125 0.63515625 0.0265625 0.059375
3 0.6859375 0.44140625 0.02734375 0.0390625
3 0.73046875 0.4421875 0.02265625 0.03046875
3 0.78359375 0.43515625 0.0265625 0.03046875
3 0.81640625 0.4484375 0.0203125 0.0296875
3 0.86640625 0.43984375 0.040625 0.0453125
3 0.578125 0.4625 0.0265625 0.04453125
3 0.65234375 0.4421875 0.0234375 0.03046875
3 0.46796875 0.53203125 0.0265625 0.05078125
3 0.24921875 0.53046875 0.04765625 0.06484375
3 0.415625 0.49375 0.0359375 0.03515625
3 0.21796875 0.48046875 0.0296875 0.04453125
3 0.325 0.48203125 0.028125 0.03359375
3 0.3546875 0.471875 0.021875 0.0359375
3 0.37578125 0.44609375 0.03671875 0.03359375
3 0.421875 0.403125 0.0265625 0.0515625
3 0.4671875 0.45234375 0.03671875 0.02421875
3 0.45078125 0.403125 0.0140625 0.03359375
3 0.46015625 0.3640625 0.025 0.03046875