1 0.5296875 0.70546875 0.040625 0.0578125
1 0.4 0.65859375 0.02734375 0.034375
1 0.6671875 0.7609375 0.04375 0.053125
1 0.728125 0.74609375 0.03984375 0.0625
1 0.6453125 0.6953125 0.05625 0.0421875
1 0.53515625 0.60546875 0.05234375 0.0796875
1 0.28671875 0.596875 0.05 0.04609375
1 0.3140625 0.53515625 0.0140625 0.0296875
1 0.34765625 0.6671875 0.05 0.04375
1 0.81328125 0.64921875 0.0390625 0.0484375
1 0.60703125 0.6125 0.0484375 0.0859375
1 0.44453125 0.5640625 0.03125 0.03359375
1 0.4546875 0.671875 0.02109375 0.03515625
1 0.50546875 0.534375 0.0734375 0.04609375
1 0.4203125 0.52890625 0.0609375 0.0296875
1 0.5625 0.49375 0.04375 0.07109375
1 0.6203125 0.46015625 0.03984375 0.0625
1 0.67265625 0.58515625 0.02734375 0.0625
1 0.72265625 0.496875 0.03125 0.0421875
1 0.490625 0.48125 0.053125 0.04609375
1 0.440625 0.61484375 0.053125 0.0359375
1 0.4859375 0.75234375 0.03046875 0.03515625
1 0.36484375 0.5671875 0.05546875 0.06640625
1 0.409375 0.49609375 0.02734375 0.0625
1 0.7359375 0.415625 0.01640625 0.04453125
1 0.8 0.45390625 0.05859375 0.0359375
1 0.4921875 0.678125 0.02421875 0.04765625
1 0.77265625 0.78125 0.040625 0.05625
1 0.7171875 0.63828125 0.02734375 0.04296875