3 0.040625 0.4828125 0.0765625 0.08125
3 0.109375 0.5 0.0515625 0.07578125
3 0.19296875 0.47890625 0.0828125 0.08203125
3 0.2765625 0.4390625 0.05703125 0.06484375
3 0.3546875 0.47890625 0.07734375 0.078125
3 0.42109375 0.45625 0.0578125 0.04921875
3 0.4859375 0.4828125 0.0734375 0.053125
3 0.5625 0.45078125 0.065625 0.05234375
3 0.6703125 0.51328125 0.0703125 0.06640625
3 0.8375 0.5328125 0.0890625 0.0640625
3 0.96484375 0.45390625 0.0703125 0.0640625
3 0.8875 0.44453125 0.05546875 0.0484375
3 0.81640625 0.41953125 0.06484375 0.04765625
3 0.7015625 0.44375 0.08125 0.06015625