3 0.5234375 0.93828125 0.0375 0.1234375
3 0.5984375 0.8703125 0.0453125 0.0921875
3 0.7078125 0.92265625 0.06015625 0.090625
3 0.64140625 0.76875 0.02578125 0.103125
3 0.6828125 0.79921875 0.03125 0.084375
3 0.7484375 0.8109375 0.028125 0.11171875
3 0.79921875 0.7734375 0.028125 0.11328125
3 0.91328125 0.721875 0.04765625 0.071875
3 0.83359375 0.66328125 0.04609375 0.0671875
3 0.7640625 0.66484375 0.03671875 0.0609375
3 0.55078125 0.7484375 0.0390625 0.08125
3 0.28359375 0.86328125 0.04453125 0.09140625
3 0.33828125 0.7875 0.0203125 0.075
3 0.36796875 0.70390625 0.05625 0.071875
3 0.3921875 0.48671875 0.03046875 0.05234375
3 0.1625 0.7828125 0.04140625 0.09609375
3 0.15390625 0.5515625 0.0359375 0.0578125
3 0.196875 0.56640625 0.04296875 0.046875
3 0.1484375 0.628125 0.0265625 0.0453125
3 0.28671875 0.646875 0.040625 0.04296875
3 0.453125 0.40546875 0.02890625 0.0546875
3 0.5078125 0.40234375 0.028125 0.0578125
3 0.66171875 0.41953125 0.03515625 0.06953125
3 0.75234375 0.60859375 0.0265625 0.046875
3 0.80703125 0.57265625 0.0296875 0.06875
3 0.7984375 0.47421875 0.02265625 0.06328125
3 0.46328125 0.55625 0.0296875 0.06328125
3 0.49140625 0.58515625 0.0265625 0.05859375
3 0.303125 0.7359375 0.0140625 0.05078125
3 0.1953125 0.66640625 0.0375 0.06015625
3 0.23671875 0.63203125 0.0375 0.04375
3 0.15 0.85 0.03359375 0.06875
3 0.909375 0.55703125 0.03515625 0.06875
3 0.865625 0.50546875 0.01875 0.0640625
3 0.88828125 0.48984375 0.0234375 0.0359375