3 0.521875 0.8453125 0.04609375 0.11328125
3 0.58359375 0.78984375 0.04140625 0.07421875
3 0.68359375 0.83359375 0.04375 0.09453125
3 0.546875 0.6765625 0.04921875 0.06171875
3 0.621875 0.7015625 0.02109375 0.09375
3 0.6609375 0.71796875 0.021875 0.06875
3 0.71875 0.7359375 0.0390625 0.08671875
3 0.76796875 0.70859375 0.021875 0.0765625
3 0.871875 0.6625 0.03828125 0.0609375
3 0.8890625 0.53046875 0.0328125 0.06875
3 0.8078125 0.6078125 0.0390625 0.0671875
3 0.72890625 0.55703125 0.0328125 0.0546875
3 0.74609375 0.6140625 0.025 0.0484375
3 0.178125 0.76875 0.0359375 0.08515625
3 0.30234375 0.77890625 0.03671875 0.07109375
3 0.35390625 0.703125 0.025 0.04375
3 0.36796875 0.634375 0.0453125 0.0671875
3 0.3953125 0.45234375 0.03125 0.04609375
3 0.50625 0.375 0.034375 0.04375
3 0.640625 0.40078125 0.01484375 0.03828125
3 0.7859375 0.4578125 0.01328125 0.053125
3 0.19765625 0.69375 0.04296875 0.06015625
3 0.1796875 0.56875 0.0421875 0.05234375
3 0.29765625 0.603125 0.0328125 0.04453125
3 0.25078125 0.5765625 0.02734375 0.040625
3 0.46640625 0.51875 0.0265625 0.04921875
3 0.4859375 0.54921875 0.021875 0.04453125
3 0.31796875 0.67265625 0.028125 0.0546875
3 0.840625 0.47578125 0.0203125 0.0453125
3 0.85703125 0.4640625 0.0296875 0.02578125