2 0.6578125 0.7171875 0.10625 0.2234375
2 0.55 0.70703125 0.07578125 0.15859375
2 0.2546875 0.68359375 0.08671875 0.165625
2 0.353125 0.6796875 0.0765625 0.13046875
2 0.42265625 0.63984375 0.05234375 0.1671875
2 0.51875 0.58046875 0.07734375 0.11484375
2 0.75234375 0.55 0.08203125 0.11171875
2 0.73125 0.41953125 0.03828125 0.09296875
2 0.83984375 0.38828125 0.03828125 0.06640625
2 0.884375 0.425 0.05 0.0765625
2 0.928125 0.4703125 0.04296875 0.078125
2 0.9859375 0.453125 0.02734375 0.06640625
2 0.90078125 0.37890625 0.0453125 0.06875
2 0.4015625 0.521875 0.0640625 0.0828125
2 0.47890625 0.52734375 0.03359375 0.103125
2 0.9734375 0.37421875 0.03984375 0.06015625
2 0.92890625 0.34140625 0.021875 0.04765625