3 0.646875 0.534375 0.07421875 0.1078125
3 0.82734375 0.55859375 0.109375 0.09375
3 0.67734375 0.43203125 0.0671875 0.11796875
3 0.46015625 0.48515625 0.05390625 0.0703125
3 0.4296875 0.45703125 0.046875 0.06484375
3 0.3265625 0.4890625 0.103125 0.07578125
3 0.184375 0.47734375 0.07734375 0.07421875
3 0.246875 0.48515625 0.05546875 0.0453125
3 0.28359375 0.44296875 0.0703125 0.02890625
3 0.02421875 0.478125 0.0484375 0.08046875
3 0.08828125 0.5109375 0.0828125 0.0609375
3 0.8015625 0.43125 0.071875 0.07109375
3 0.96015625 0.45859375 0.07890625 0.07265625
3 0.5765625 0.44609375 0.06953125 0.05546875
3 0.85625 0.4578125 0.053125 0.0390625