10 0.8046875 0.44921875 0.02421875 0.04921875
10 0.86171875 0.428125 0.028125 0.04765625
10 0.9234375 0.41953125 0.01796875 0.0296875
10 0.94765625 0.37734375 0.0328125 0.04375
10 0.9640625 0.2234375 0.0140625 0.0359375
10 0.96484375 0.1796875 0.02265625 0.02421875
10 0.9953125 0.41640625 0.00859375 0.03671875
10 0.68203125 0.58046875 0.01953125 0.04375
10 0.7140625 0.62265625 0.025 0.034375
10 0.7203125 0.5359375 0.01875 0.02578125
10 0.7296875 0.58671875 0.03203125 0.02890625
10 0.54453125 0.18828125 0.02109375 0.03203125
10 0.525 0.1625 0.01875 0.03359375
10 0.53046875 0.1140625 0.01640625 0.040625
10 0.5546875 0.1046875 0.0203125 0.0703125
10 0.09765625 0.71328125 0.0203125 0.028125
10 0.0984375 0.63671875 0.01328125 0.03125
10 0.1109375 0.678125 0.01953125 0.0203125
10 0.12890625 0.6203125 0.0203125 0.0390625
10 0.16015625 0.603125 0.01171875 0.0265625
10 0.18203125 0.59921875 0.0203125 0.04921875
10 0.2265625 0.63203125 0.02421875 0.021875
10 0.14609375 0.53046875 0.02578125 0.02890625
10 0.21640625 0.553125 0.01875 0.03828125
10 0.21171875 0.49140625 0.02578125 0.021875
10 0.23828125 0.44296875 0.01875 0.0328125
10 0.2671875 0.596875 0.0203125 0.04609375
10 0.3390625 0.64296875 0.02109375 0.04375
10 0.43984375 0.77421875 0.03046875 0.034375
10 0.4234375 0.72734375 0.02265625 0.034375
10 0.471875 0.7359375 0.01875 0.0390625
10 0.53828125 0.66484375 0.0203125 0.02890625
10 0.52109375 0.56640625 0.028125 0.0328125
10 0.46328125 0.51875 0.028125 0.03203125
10 0.35546875 0.59609375 0.01796875 0.04375
10 0.31640625 0.584375 0.02734375 0.05625
10 0.3078125 0.525 0.009375 0.02265625
10 0.38671875 0.57265625 0.01875 0.02734375
10 0.4109375 0.5640625 0.02265625 0.04765625
10 0.371875 0.6578125 0.0203125 0.0203125
10 0.39609375 0.65 0.01640625 0.01328125
10 0.4734375 0.6859375 0.0171875 0.03203125
10 0.5125 0.73359375 0.03125 0.01953125
10 0.5328125 0.50078125 0.015625 0.0234375
10 0.58828125 0.4828125 0.01953125 0.0359375
10 0.28359375 0.5546875 0.01484375 0.01953125
10 0.328125 0.50390625 0.01484375 0.02890625
10 0.36796875 0.53203125 0.01171875 0.05078125
10 0.40625 0.52421875 0.01015625 0.03046875
10 0.34296875 0.246875 0.015625 0.00078125
10 0.3546875 0.2359375 0.01953125 0.0375
10 0.3890625 0.28359375 0.02109375 0.034375
10 0.3671875 0.45546875 0.0125 0.05390625
10 0.3984375 0.428125 0.0171875 0.0296875
10 0.4171875 0.403125 0.0125 0.03359375
10 0.434375 0.396875 0.01328125 0.0390625
10 0.478125 0.40234375 0.021875 0.02734375
10 0.5140625 0.3828125 0.02109375 0.028125
10 0.5125 0.42109375 0.01171875 0.0234375
10 0.47578125 0.2828125 0.0140625 0.0203125
10 0.53671875 0.2921875 0.028125 0.03828125
10 0.5 0.2984375 0.015625 0.0375