1 0.96484375 0.8265625 0.03359375 0.08046875
1 0.58203125 0.8984375 0.040625 0.0640625
1 0.62734375 0.8234375 0.0359375 0.07109375
1 0.528125 0.76875 0.03515625 0.08125
1 0.42109375 0.86015625 0.04296875 0.090625
1 0.36015625 0.91484375 0.0546875 0.159375
1 0.33828125 0.80625 0.05859375 0.1125
1 0.27890625 0.90546875 0.04140625 0.08203125
1 0.025 0.859375 0.05 0.1
1 0.15078125 0.8515625 0.06875 0.10390625
1 0.17578125 0.8859375 0.06640625 0.10625
1 0.25 0.80390625 0.0484375 0.08515625
1 0.23125 0.9125 0.046875 0.1046875
1 0.50625 0.9296875 0.04375 0.1046875
1 0.19296875 0.57421875 0.06640625 0.08046875
1 0.1328125 0.6703125 0.0515625 0.08515625
1 0.171875 0.7 0.0625 0.08671875
1 0.20546875 0.715625 0.04921875 0.0734375
1 0.31640625 0.48359375 0.0265625 0.0375
1 0.84921875 0.93515625 0.02421875 0.115625
1 0.87109375 0.75078125 0.0359375 0.059375
1 0.87578125 0.84609375 0.025 0.06171875
1 0.45703125 0.75390625 0.046875 0.09609375
1 0.41328125 0.7125 0.05546875 0.0859375
1 0.67578125 0.8890625 0.025 0.05390625
1 0.63828125 0.6796875 0.03203125 0.06875
1 0.56953125 0.6703125 0.0453125 0.053125
1 0.58984375 0.70859375 0.03515625 0.05859375
1 0.484375 0.66796875 0.0265625 0.0578125
1 0.3609375 0.653125 0.03515625 0.04140625
1 0.3015625 0.72578125 0.053125 0.0671875
1 0.271875 0.63984375 0.04921875 0.0421875
1 0.66875 0.9734375 0.02421875 0.053125
1 0.771875 0.7890625 0.034375 0.06875
1 0.73046875 0.81953125 0.03125 0.06171875
1 0.67734375 0.73515625 0.0390625 0.08046875
1 0.5875 0.8234375 0.03125 0.07109375
1 0.68984375 0.6390625 0.04296875 0.040625
1 0.65859375 0.6109375 0.0265625 0.05078125
1 0.7671875 0.715625 0.059375 0.0734375
1 0.7546875 0.6328125 0.0421875 0.0421875
1 0.37421875 0.55390625 0.0609375 0.02578125
1 0.30234375 0.565625 0.0453125 0.05859375
1 0.39921875 0.4890625 0.04375 0.0578125
1 0.4265625 0.59296875 0.0359375 0.046875
1 0.4375 0.64453125 0.0421875 0.09375
1 0.525 0.60546875 0.05 0.06796875
1 0.4859375 0.55703125 0.02421875 0.0546875
1 0.45234375 0.50859375 0.03359375 0.04765625
1 0.8515625 0.65078125 0.0328125 0.0640625
1 0.828125 0.72421875 0.03203125 0.04140625
1 0.95703125 0.746875 0.04296875 0.1
1 0.98203125 0.60859375 0.021875 0.13046875
1 0.5875 0.5859375 0.02734375 0.05
1 0.62734375 0.61171875 0.03125 0.05625
1 0.41484375 0.9484375 0.0359375 0.103125
1 0.5546875 0.475 0.0375 0.04375
1 0.603125 0.53203125 0.02734375 0.05078125
1 0.66796875 0.54140625 0.03125 0.06015625
1 0.72421875 0.5796875 0.04453125 0.07734375
1 0.665625 0.48203125 0.0296875 0.03359375
1 0.60703125 0.47109375 0.028125 0.03984375
1 0.78046875 0.53359375 0.0296875 0.05234375
1 0.81328125 0.60234375 0.0234375 0.05625
1 0.95703125 0.56953125 0.02265625 0.0484375
1 0.83671875 0.54453125 0.0296875 0.06171875