1 0.50390625 0.8015625 0.0359375 0.09765625
1 0.5703125 0.846875 0.0375 0.08125
1 0.60703125 0.87578125 0.04296875 0.103125
1 0.67421875 0.9296875 0.0609375 0.13984375
1 0.7625 0.79375 0.03125 0.109375
1 0.81953125 0.72109375 0.028125 0.08359375
1 0.86875 0.909375 0.04453125 0.14296875
1 0.8703125 0.7796875 0.03671875 0.05859375
1 0.38984375 0.9203125 0.046875 0.1203125
1 0.3125 0.9484375 0.065625 0.103125
1 0.4859375 0.953125 0.03828125 0.09296875
1 0.1 0.9015625 0.07265625 0.09296875
1 0.1203125 0.93828125 0.06875 0.1234375
1 0.2046875 0.85859375 0.0546875 0.1046875
1 0.184375 0.95390625 0.059375 0.0921875
1 0.23984375 0.940625 0.0421875 0.11875
1 0.1140625 0.715625 0.04453125 0.140625
1 0.14765625 0.596875 0.0625 0.071875
1 0.28984375 0.4984375 0.03203125 0.046875
1 0.5671875 0.734375 0.0359375 0.07109375
1 0.43984375 0.78125 0.0625 0.09765625
1 0.37734375 0.75546875 0.0390625 0.0859375
1 0.29453125 0.8546875 0.05390625 0.12734375
1 0.33046875 0.665625 0.05625 0.071875
1 0.4015625 0.61328125 0.03828125 0.05234375
1 0.4046875 0.6578125 0.06171875 0.05625
1 0.50859375 0.63515625 0.0265625 0.0515625
1 0.565625 0.6171875 0.03359375 0.0375
1 0.45390625 0.6921875 0.028125 0.06640625
1 0.66171875 0.7734375 0.053125 0.1078125
1 0.6265625 0.71640625 0.03203125 0.1109375
1 0.56796875 0.95 0.0546875 0.1
1 0.84375 0.6453125 0.02109375 0.10625
1 0.2609375 0.5890625 0.0578125 0.065625
1 0.20234375 0.659375 0.04140625 0.08125
1 0.3421875 0.5578125 0.040625 0.05703125
1 0.39140625 0.51171875 0.04375 0.07109375
1 0.4671875 0.57734375 0.0484375 0.06796875
1 0.52109375 0.58359375 0.03671875 0.0765625
1 0.59609375 0.55546875 0.04453125 0.075
1 0.6453125 0.51171875 0.04296875 0.08046875
1 0.71796875 0.49765625 0.0453125 0.05234375
1 0.79375 0.46015625 0.0515625 0.0765625
1 0.6890625 0.6328125 0.0328125 0.08125
1 0.55546875 0.39921875 0.028125 0.06640625
1 0.525 0.42109375 0.03671875 0.0296875
1 0.6484375 0.6125 0.02890625 0.05859375
1 0.71796875 0.840625 0.0375 0.08671875
1 0.7390625 0.72890625 0.03515625 0.078125
1 0.7625 0.646875 0.04453125 0.08828125
1 0.26875 0.77265625 0.0453125 0.115625
1 0.9484375 0.871875 0.03515625 0.09140625
1 0.96328125 0.76484375 0.05390625 0.09609375
1 0.9625 0.60703125 0.02734375 0.06171875
1 0.55390625 0.65703125 0.05703125 0.05
1 0.546875 0.484375 0.03125 0.05703125
1 0.44296875 0.51484375 0.0421875 0.08203125
1 0.7484375 0.45078125 0.0171875 0.07421875