9 0.68671875 0.66640625 0.0609375 0.09609375
9 0.428125 0.684375 0.0578125 0.09609375
9 0.375 0.646875 0.0421875 0.07421875
9 0.94453125 0.76328125 0.04609375 0.07421875
9 0.95 0.66875 0.05625 0.06953125
9 0.98359375 0.721875 0.03203125 0.0640625
9 0.09609375 0.65625 0.03984375 0.08046875
9 0.41953125 0.58671875 0.03125 0.06015625
9 0.453125 0.58203125 0.03671875 0.0515625
9 0.4625 0.53515625 0.03671875 0.05546875
9 0.50078125 0.5703125 0.034375 0.0640625
9 0.54609375 0.58203125 0.0390625 0.0515625
9 0.5984375 0.5875 0.05234375 0.06171875
9 0.5734375 0.53671875 0.0328125 0.06328125
9 0.60546875 0.528125 0.04375 0.08671875
9 0.32421875 0.6640625 0.0359375 0.06875
9 0.2125 0.6796875 0.05625 0.07734375
9 0.28515625 0.61796875 0.0390625 0.06484375
9 0.82109375 0.73203125 0.0390625 0.10078125
9 0.865625 0.67265625 0.04765625 0.0546875
9 0.8296875 0.58515625 0.02109375 0.08828125
9 0.378125 0.559375 0.03828125 0.0328125
9 0.29375 0.55234375 0.03046875 0.04609375
9 0.32109375 0.58359375 0.028125 0.03671875
9 0.23359375 0.59296875 0.0578125 0.03671875
9 0.11953125 0.5453125 0.05546875 0.05390625
9 0.13984375 0.590625 0.04765625 0.0515625
9 0.17890625 0.5296875 0.05625 0.0671875
9 0.04609375 0.56640625 0.0390625 0.05625
9 0.046875 0.61328125 0.0453125 0.03828125
9 0.66953125 0.5140625 0.05078125 0.040625
9 0.65859375 0.55625 0.03828125 0.06328125
9 0.72109375 0.53359375 0.03984375 0.0703125
9 0.7921875 0.540625 0.03671875 0.05859375
9 0.721875 0.61328125 0.04609375 0.06015625
9 0.68984375 0.56875 0.03046875 0.05234375
9 0.76328125 0.56796875 0.028125 0.04609375
9 0.77109375 0.6234375 0.040625 0.0359375