3 0.375 0.7578125 0.03515625 0.12109375
3 0.3375 0.62109375 0.02734375 0.05859375
3 0.43671875 0.45625 0.0203125 0.0671875
3 0.4453125 0.359375 0.0125 0.0390625
3 0.3359375 0.4625 0.02421875 0.05390625
3 0.3671875 0.46328125 0.0265625 0.03828125
3 0.34296875 0.340625 0.0203125 0.0515625
3 0.34765625 0.42421875 0.01171875 0.0265625
3 0.41171875 0.43046875 0.0203125 0.04765625
3 0.396875 0.37578125 0.02265625 0.03203125
3 0.37265625 0.33671875 0.0125 0.03828125
3 0.41015625 0.35625 0.02109375 0.028125