8 0.76953125 0.8359375 0.05 0.12578125
8 0.8203125 0.76171875 0.04609375 0.1125
8 0.49296875 0.9296875 0.05859375 0.11640625
8 0.21171875 0.840625 0.06171875 0.10859375
8 0.259375 0.9046875 0.046875 0.12578125
8 0.33828125 0.9578125 0.0734375 0.084375
8 0.1171875 0.93125 0.08671875 0.08046875
8 0.31484375 0.8109375 0.05546875 0.1171875
8 0.36015625 0.671875 0.0484375 0.10234375
8 0.403125 0.853125 0.05078125 0.14375
8 0.4828125 0.83203125 0.04375 0.08671875
8 0.5625 0.89453125 0.04921875 0.1359375
8 0.63828125 0.82734375 0.0484375 0.13515625
8 0.5359375 0.82578125 0.03984375 0.084375
8 0.4828125 0.759375 0.04375 0.09296875
8 0.09921875 0.703125 0.08359375 0.065625
8 0.071875 0.54765625 0.0578125 0.08046875
8 0.10078125 0.5015625 0.04765625 0.0515625
8 0.12734375 0.43046875 0.03125 0.0515625
8 0.190625 0.47109375 0.034375 0.0265625
8 0.20234375 0.52734375 0.0296875 0.04921875
8 0.3 0.4953125 0.05 0.05234375
8 0.2875 0.440625 0.02578125 0.07265625
8 0.384375 0.4875 0.0359375 0.05859375
8 0.43125 0.66015625 0.0328125 0.1015625
8 0.528125 0.72109375 0.03515625 0.09375
8 0.5671875 0.70078125 0.0375 0.07421875
8 0.6015625 0.63046875 0.0375 0.08203125
8 0.67421875 0.6890625 0.05390625 0.0828125
8 0.65 0.62578125 0.0203125 0.03125
8 0.66953125 0.5875 0.03984375 0.08984375
8 0.70703125 0.446875 0.01796875 0.08515625
8 0.73203125 0.46953125 0.0203125 0.0546875
8 0.42734375 0.56484375 0.034375 0.05703125
8 0.36015625 0.3875 0.03671875 0.0546875
8 0.396875 0.425 0.034375 0.05078125
8 0.51328125 0.33046875 0.0328125 0.0296875
8 0.15703125 0.27734375 0.028125 0.0359375
8 0.090625 0.20625 0.021875 0.04140625
8 0.109375 0.2390625 0.0171875 0.02265625
8 0.29140625 0.30546875 0.028125 0.0515625
8 0.3984375 0.3671875 0.025 0.0375
8 0.35 0.2671875 0.025 0.03828125
8 0.47578125 0.48828125 0.03671875 0.11015625
8 0.59140625 0.46328125 0.0375 0.05546875
8 0.6671875 0.45078125 0.025 0.09921875
8 0.5171875 0.63828125 0.0421875 0.07421875
8 0.5765625 0.53515625 0.0390625 0.0953125
8 0.54453125 0.621875 0.03046875 0.1
8 0.45234375 0.62421875 0.03359375 0.059375
8 0.45390625 0.34765625 0.021875 0.0203125
8 0.45703125 0.2734375 0.028125 0.05078125
8 0.4046875 0.33125 0.028125 0.0234375
8 0.63359375 0.3765625 0.0234375 0.040625
8 0.09453125 0.628125 0.04140625 0.05859375
8 0.49296875 0.55234375 0.03671875 0.04609375
8 0.63984375 0.2859375 0.0296875 0.065625
8 0.59609375 0.25703125 0.02890625 0.0796875
8 0.51484375 0.171875 0.03203125 0.04375
8 0.69375 0.28203125 0.0171875 0.0765625
8 0.71328125 0.234375 0.0171875 0.04765625
8 0.74140625 0.29375 0.02734375 0.078125
8 0.61875 0.20859375 0.0390625 0.07734375
8 0.63515625 0.46953125 0.02890625 0.06796875