3 0.8296875 0.53828125 0.09296875 0.08515625
3 0.665625 0.51875 0.0984375 0.06328125
3 0.48671875 0.4875 0.06875 0.05859375
3 0.56171875 0.44609375 0.05234375 0.0734375
3 0.62890625 0.4515625 0.0640625 0.05859375
3 0.70390625 0.43359375 0.08828125 0.06640625
3 0.81796875 0.41953125 0.0703125 0.0515625
3 0.88359375 0.45546875 0.0796875 0.065625
3 0.03203125 0.48515625 0.0640625 0.08515625
3 0.1078125 0.49921875 0.06796875 0.06015625
3 0.18984375 0.47734375 0.07109375 0.0703125
3 0.2828125 0.42734375 0.0671875 0.04609375
3 0.271875 0.48828125 0.0828125 0.04609375
3 0.3484375 0.4734375 0.071875 0.0796875
3 0.421875 0.4578125 0.0640625 0.0390625