3 0.66640625 0.50703125 0.0765625 0.07578125
3 0.478125 0.484375 0.0578125 0.0609375
3 0.5640625 0.45546875 0.06171875 0.06171875
3 0.83671875 0.53046875 0.08984375 0.08359375
3 0.9625 0.4390625 0.071875 0.09140625
3 0.88671875 0.43671875 0.05625 0.05546875
3 0.80859375 0.428125 0.08046875 0.0875
3 0.70703125 0.44140625 0.08046875 0.0921875
3 0.0390625 0.4890625 0.078125 0.08359375
3 0.103125 0.50859375 0.075 0.08359375
3 0.18515625 0.48671875 0.07109375 0.0984375
3 0.26640625 0.4390625 0.07265625 0.06953125
3 0.2734375 0.48359375 0.065625 0.1046875
3 0.35234375 0.46875 0.06875 0.10625
3 0.39921875 0.44765625 0.0640625 0.059375