2 0.8984375 0.4 0.04296875 0.04765625
2 0.85078125 0.41015625 0.03125 0.0421875
2 0.7453125 0.48203125 0.03515625 0.03984375
2 0.77421875 0.43203125 0.03203125 0.03671875
2 0.73125 0.44140625 0.03125 0.0328125
2 0.6140625 0.50078125 0.01953125 0.03203125
2 0.509375 0.35 0.0140625 0.04765625
2 0.55390625 0.28828125 0.01328125 0.03515625
2 0.5625 0.53984375 0.03046875 0.06484375
2 0.5546875 0.471875 0.021875 0.04609375
2 0.5828125 0.39140625 0.01875 0.028125
2 0.59453125 0.43828125 0.0125 0.06328125
2 0.41875 0.3234375 0.02734375 0.04375
2 0.44453125 0.39375 0.02265625 0.04140625
2 0.4703125 0.5640625 0.01796875 0.04765625
2 0.29765625 0.528125 0.0390625 0.0484375
2 0.378125 0.54453125 0.021875 0.0296875
2 0.15546875 0.4375 0.0203125 0.0296875