1 0.503125 0.79296875 0.04140625 0.071875
1 0.67265625 0.72890625 0.034375 0.0640625
1 0.85859375 0.6796875 0.0375 0.09921875
1 0.040625 0.6578125 0.0453125 0.078125
1 0.103125 0.6171875 0.0625 0.07734375
1 0.1984375 0.646875 0.05234375 0.046875
1 0.3203125 0.63515625 0.0734375 0.08671875
1 0.35078125 0.53515625 0.07109375 0.11875
1 0.53359375 0.6453125 0.01953125 0.053125
1 0.57734375 0.65625 0.0453125 0.08046875
1 0.559375 0.7484375 0.0515625 0.028125
1 0.8421875 0.51875 0.07109375 0.13125
1 0.60234375 0.47109375 0.08359375 0.09765625
1 0.43046875 0.5484375 0.0484375 0.1046875
1 0.19375 0.48515625 0.0359375 0.06328125
1 0.29296875 0.54453125 0.0359375 0.065625
1 0.48671875 0.41953125 0.07109375 0.09765625
1 0.5140625 0.55625 0.0421875 0.06328125
1 0.59375 0.3484375 0.053125 0.05390625
1 0.63203125 0.3140625 0.0265625 0.0515625
1 0.3515625 0.440625 0.02265625 0.03671875
1 0.65 0.6171875 0.04453125 0.059375
1 0.7109375 0.5609375 0.0484375 0.05
1 0.80390625 0.6640625 0.03984375 0.0546875
1 0.759375 0.55859375 0.02890625 0.06640625
1 0.7203125 0.47578125 0.03671875 0.075
1 0.4140625 0.36640625 0.0609375 0.1109375
1 0.25703125 0.48046875 0.053125 0.06796875
1 0.4859375 0.68203125 0.03125 0.02890625
1 0.72421875 0.64375 0.04375 0.0671875
1 0.784375 0.43203125 0.0421875 0.0546875
1 0.653125 0.3875 0.0375 0.0546875
1 0.584375 0.55703125 0.05625 0.0546875