2 0.846875 0.7046875 0.06796875 0.06953125
2 0.90390625 0.66796875 0.06484375 0.0546875
2 0.66328125 0.621875 0.0625 0.06015625
2 0.25546875 0.5484375 0.03515625 0.0609375
2 0.409375 0.59765625 0.03046875 0.065625
2 0.2234375 0.453125 0.028125 0.0484375
2 0.35625 0.5125 0.01953125 0.05078125
2 0.38203125 0.45078125 0.0359375 0.0390625
2 0.3984375 0.496875 0.0328125 0.0421875
2 0.51328125 0.52578125 0.0265625 0.05
2 0.53671875 0.578125 0.028125 0.04375
2 0.55625 0.61328125 0.0375 0.04921875
2 0.0703125 0.4765625 0.021875 0.0328125
2 0.03671875 0.4140625 0.0234375 0.0328125
2 0.1265625 0.43671875 0.01875 0.0421875
2 0.08671875 0.3875 0.021875 0.0375
2 0.14921875 0.3953125 0.0234375 0.03125
2 0.115625 0.39140625 0.01640625 0.028125