3 0.82109375 0.54921875 0.08984375 0.10234375
3 0.66328125 0.52109375 0.08828125 0.08671875
3 0.03046875 0.48125 0.06015625 0.0734375
3 0.103125 0.5078125 0.0890625 0.0640625
3 0.19921875 0.4734375 0.0703125 0.09296875
3 0.34296875 0.4828125 0.08203125 0.10703125
3 0.28125 0.4453125 0.059375 0.0640625
3 0.42890625 0.46484375 0.046875 0.0453125
3 0.46953125 0.4984375 0.08203125 0.09375
3 0.5609375 0.44921875 0.06796875 0.0671875
3 0.68203125 0.43359375 0.078125 0.1078125
3 0.7515625 0.4546875 0.05078125 0.03828125
3 0.815625 0.4125 0.0734375 0.1046875
3 0.80703125 0.44375 0.00234375 0.0109375
3 0.87578125 0.4546875 0.06640625 0.06015625
3 0.9671875 0.4546875 0.065625 0.046875