10 0.840625 0.62421875 0.0734375 0.0953125
10 0.37734375 0.7453125 0.04140625 0.14609375
10 0.08125 0.49375 0.05859375 0.0671875
10 0.11171875 0.53984375 0.03125 0.07890625
10 0.396875 0.50390625 0.053125 0.07421875
10 0.45078125 0.48828125 0.03984375 0.07421875
10 0.64296875 0.47734375 0.0359375 0.0703125
10 0.86484375 0.415625 0.03984375 0.05859375
10 0.89140625 0.36953125 0.05625 0.06484375
10 0.8203125 0.3640625 0.0296875 0.0578125
10 0.81796875 0.240625 0.0203125 0.04765625
10 0.73828125 0.25078125 0.03359375 0.0359375
10 0.70625 0.23671875 0.02109375 0.053125
10 0.4125 0.36875 0.03359375 0.07109375
10 0.32265625 0.40703125 0.05546875 0.0625
10 0.0875 0.39609375 0.0359375 0.06875
10 0.13203125 0.39921875 0.053125 0.07421875
10 0.1859375 0.3578125 0.01640625 0.028125
10 0.19453125 0.2953125 0.04375 0.0421875
10 0.378125 0.31328125 0.03515625 0.06328125
10 0.33046875 0.30859375 0.02421875 0.0546875
10 0.61875 0.41328125 0.03125 0.04921875
10 0.82578125 0.5390625 0.06015625 0.09453125
10 0.33046875 0.97734375 0.0203125 0.0453125
10 0.51171875 0.32578125 0.01484375 0.0390625
10 0.47890625 0.2796875 0.025 0.059375
10 0.52890625 0.3078125 0.02578125 0.0390625
10 0.57734375 0.30859375 0.03359375 0.040625
10 0.99453125 0.575 0.0109375 0.05625