8 0.5234375 0.7140625 0.0734375 0.1546875
8 0.30859375 0.6890625 0.06484375 0.2078125
8 0.36796875 0.5921875 0.0578125 0.13828125
8 0.0765625 0.8359375 0.06484375 0.29375
8 0.15 0.61953125 0.071875 0.171875
8 0.07109375 0.61328125 0.04453125 0.11796875
8 0.009375 0.575 0.01875 0.1625
8 0.25 0.63203125 0.03671875 0.1578125
8 0.22890625 0.59453125 0.04296875 0.1515625
8 0.46796875 0.5125 0.03671875 0.0796875
8 0.60625 0.57578125 0.0578125 0.0609375
8 0.6765625 0.5671875 0.0546875 0.06328125
8 0.5609375 0.5890625 0.05234375 0.0546875
8 0.784375 0.55390625 0.04453125 0.0796875
8 0.84609375 0.5796875 0.0515625 0.07734375
8 0.21640625 0.9109375 0.090625 0.146875
8 0.68046875 0.46484375 0.05859375 0.0671875
8 0.975 0.5546875 0.05 0.090625
8 0.90625 0.5796875 0.05390625 0.0734375
8 0.50703125 0.56953125 0.0546875 0.071875
8 0.5765625 0.47265625 0.05 0.065625
8 0.7453125 0.55625 0.05 0.084375