2 0.22890625 0.678125 0.08671875 0.16875
2 0.546875 0.7046875 0.06171875 0.1546875
2 0.6625 0.71875 0.1140625 0.21328125
2 0.7328125 0.534375 0.0609375 0.1171875
2 0.7015625 0.42109375 0.0421875 0.09140625
2 0.79765625 0.38828125 0.0375 0.07421875
2 0.84453125 0.4140625 0.0421875 0.06875
2 0.9015625 0.46171875 0.03671875 0.078125
2 0.94765625 0.44375 0.0328125 0.0703125
2 0.86953125 0.3765625 0.04609375 0.06953125
2 0.8828125 0.34296875 0.01171875 0.0375
2 0.92890625 0.36015625 0.046875 0.0765625
2 0.3390625 0.67890625 0.08359375 0.146875
2 0.41328125 0.634375 0.04765625 0.15234375
2 0.5015625 0.57265625 0.05859375 0.1125
2 0.4625 0.53828125 0.0328125 0.12421875
2 0.3921875 0.534375 0.065625 0.1390625