10 0.0125 0.4796875 0.025 0.0703125
10 0.0859375 0.47265625 0.071875 0.0515625
10 0.253125 0.45546875 0.10859375 0.06875
10 0.36796875 0.440625 0.04375 0.0453125
10 0.40625 0.4375 0.0515625 0.04765625
10 0.45 0.42109375 0.034375 0.06484375
10 0.90703125 0.3609375 0.059375 0.0640625
10 0.83671875 0.37890625 0.0515625 0.03984375
10 0.5015625 0.41875 0.0453125 0.0421875
10 0.58125 0.396875 0.04609375 0.05703125
10 0.5375 0.4 0.03046875 0.05390625
10 0.63359375 0.3828125 0.046875 0.04296875
10 0.6765625 0.3828125 0.03359375 0.0421875
10 0.715625 0.378125 0.046875 0.0453125
10 0.7515625 0.384375 0.03359375 0.05390625
10 0.78828125 0.38046875 0.0359375 0.0546875