3 0.72734375 0.83828125 0.02734375 0.0953125
3 0.75 0.865625 0.0296875 0.0734375
3 0.66015625 0.81015625 0.0203125 0.0875
3 0.68984375 0.83046875 0.01796875 0.053125
3 0.621875 0.7984375 0.0421875 0.09609375
3 0.53125 0.74375 0.03203125 0.053125
3 0.05703125 0.7078125 0.0296875 0.05703125
3 0.13046875 0.71953125 0.05546875 0.05859375
3 0.12890625 0.7875 0.03046875 0.05703125
3 0.1953125 0.7140625 0.03359375 0.06171875
3 0.29375 0.72265625 0.03828125 0.0875
3 0.5046875 0.62578125 0.0453125 0.059375
3 0.41640625 0.71640625 0.05546875 0.03515625
3 0.4 0.65078125 0.0359375 0.04609375
3 0.4484375 0.6671875 0.0390625 0.0484375
3 0.4625 0.5328125 0.0265625 0.08203125
3 0.55625 0.46015625 0.0328125 0.05859375
3 0.6375 0.4484375 0.02421875 0.04765625
3 0.6765625 0.43984375 0.02265625 0.04921875
3 0.71328125 0.43671875 0.02734375 0.03828125
3 0.7625 0.43828125 0.0375 0.0453125
3 0.796875 0.44296875 0.01640625 0.040625
3 0.8546875 0.43984375 0.03671875 0.05703125
3 0.2359375 0.5359375 0.0421875 0.04375
3 0.15703125 0.56328125 0.0328125 0.04140625
3 0.19921875 0.475 0.02578125 0.04296875
3 0.26953125 0.48046875 0.0265625 0.03203125
3 0.321875 0.48359375 0.0203125 0.03359375
3 0.40859375 0.50234375 0.0265625 0.03515625
3 0.4625 0.45390625 0.02734375 0.03203125
3 0.375 0.440625 0.02421875 0.03671875
3 0.34453125 0.4703125 0.0140625 0.02421875
3 0.375 0.49765625 0.02109375 0.03828125
3 0.43203125 0.4359375 0.01953125 0.03203125
3 0.5578125 0.41328125 0.0234375 0.02109375
3 0.4078125 0.371875 0.015625 0.025
3 0.4234375 0.40078125 0.02421875 0.0203125
3 0.44765625 0.3890625 0.025 0.04453125
3 0.225 0.48125 0.0140625 0.028125