10 0.53671875 0.56953125 0.07734375 0.08359375
10 0.58671875 0.52265625 0.06875 0.0765625
10 0.9625 0.58828125 0.06953125 0.09921875
10 0.33359375 0.49296875 0.06796875 0.05703125
10 0.2328125 0.459375 0.06640625 0.07421875
10 0.5171875 0.45703125 0.0546875 0.0828125
10 0.615625 0.415625 0.059375 0.05859375
10 0.5671875 0.4109375 0.03359375 0.06171875
10 0.51015625 0.37734375 0.053125 0.07109375
10 0.49296875 0.3328125 0.04375 0.03515625
10 0.4359375 0.353125 0.0421875 0.05859375
10 0.390625 0.33984375 0.0375 0.05390625
10 0.346875 0.34765625 0.0421875 0.05625
10 0.28046875 0.36796875 0.0515625 0.05703125
10 0.2 0.3375 0.05078125 0.07578125
10 0.7703125 0.4828125 0.0375 0.08125
10 0.85234375 0.43828125 0.0453125 0.08515625
10 0.91171875 0.44453125 0.05234375 0.06171875
10 0.9578125 0.44609375 0.05 0.065625
10 0.77421875 0.43515625 0.0765625 0.07421875
10 0.08828125 0.41953125 0.07578125 0.065625
10 0.13203125 0.35390625 0.05234375 0.08203125
10 0.02578125 0.3953125 0.03125 0.053125
10 0.05390625 0.33671875 0.05390625 0.06015625
10 0.09375 0.3234375 0.03515625 0.0390625