1 0.8890625 0.80625 0.0484375 0.04921875
1 0.8359375 0.765625 0.03828125 0.02578125
1 0.89453125 0.746875 0.05078125 0.05625
1 0.37109375 0.74375 0.03125 0.0625
1 0.4203125 0.7234375 0.046875 0.04921875
1 0.4109375 0.93828125 0.02890625 0.0671875
1 0.50234375 0.78203125 0.0328125 0.040625
1 0.528125 0.71171875 0.02578125 0.08359375
1 0.58671875 0.7390625 0.046875 0.065625
1 0.63203125 0.71640625 0.04453125 0.03515625
1 0.60390625 0.65703125 0.0328125 0.09375
1 0.7296875 0.88984375 0.06328125 0.06015625
1 0.609375 0.9390625 0.034375 0.07265625
1 0.096875 0.89765625 0.05703125 0.11171875
1 0.05546875 0.49375 0.0328125 0.0453125
1 0.04296875 0.40078125 0.04375 0.05546875
1 0.07734375 0.3671875 0.03203125 0.04140625
1 0.25546875 0.36171875 0.03125 0.06640625
1 0.31640625 0.39296875 0.075 0.065625
1 0.47109375 0.61328125 0.03046875 0.03828125
1 0.5390625 0.54453125 0.078125 0.1015625
1 0.29765625 0.746875 0.065625 0.06015625
1 0.54375 0.8671875 0.0625 0.06328125
1 0.6859375 0.55546875 0.0453125 0.096875
1 0.14765625 0.6828125 0.06015625 0.05625
1 0.15234375 0.58203125 0.0390625 0.07890625
1 0.13828125 0.5109375 0.05234375 0.04765625
1 0.15234375 0.3359375 0.04609375 0.0640625
1 0.18671875 0.30546875 0.02421875 0.0390625
1 0.146875 0.2484375 0.05390625 0.0578125
1 0.1890625 0.209375 0.02265625 0.0609375
1 0.38671875 0.446875 0.05859375 0.07109375
1 0.31875 0.5625 0.0234375 0.04375
1 0.35390625 0.56171875 0.0328125 0.04609375
1 0.3078125 0.6625 0.05390625 0.075
1 0.765625 0.4859375 0.025 0.04296875
1 0.84453125 0.52734375 0.05078125 0.0453125
1 0.89140625 0.5421875 0.07890625 0.04140625
1 0.92734375 0.62890625 0.03828125 0.05625
1 0.98515625 0.6265625 0.0296875 0.059375
1 0.9421875 0.45859375 0.04453125 0.03671875
1 0.95625 0.3765625 0.04765625 0.06484375
1 0.9703125 0.309375 0.0375 0.0640625
1 0.44140625 0.38359375 0.0484375 0.16875
1 0.365625 0.1578125 0.0296875 0.04921875
1 0.4078125 0.16640625 0.03125 0.05703125
1 0.46640625 0.10703125 0.02890625 0.0546875