2 0.253125 0.546875 0.04609375 0.075
2 0.32109375 0.56171875 0.03046875 0.059375
2 0.4265625 0.571875 0.02890625 0.053125
2 0.30078125 0.48984375 0.0265625 0.028125
2 0.30703125 0.43671875 0.021875 0.04609375
2 0.32421875 0.4703125 0.02578125 0.03828125
2 0.42578125 0.49140625 0.0375 0.0359375
2 0.41875 0.528125 0.028125 0.03359375
2 0.18046875 0.453125 0.03359375 0.05234375
2 0.01875 0.41953125 0.0328125 0.06171875
2 0.02890625 0.47421875 0.0171875 0.01953125
2 0.09140625 0.425 0.02578125 0.05078125
2 0.0921875 0.37109375 0.05859375 0.05859375
2 0.490625 0.55390625 0.03515625 0.03984375
2 0.62109375 0.60390625 0.03828125 0.0421875
2 0.73046875 0.56484375 0.03125 0.053125
2 0.759375 0.58359375 0.0390625 0.0546875
2 0.08203125 0.36796875 0.02578125 0.06953125