1 0.284375 0.5578125 0.0546875 0.0921875
1 0.33515625 0.6484375 0.06171875 0.078125
1 0.37734375 0.53984375 0.053125 0.05703125
1 0.40234375 0.6765625 0.03671875 0.0796875
1 0.51171875 0.82109375 0.040625 0.065625
1 0.58125 0.7609375 0.0546875 0.05703125
1 0.50625 0.675 0.04375 0.04609375
1 0.55625 0.6140625 0.071875 0.07578125
1 0.45859375 0.5453125 0.0703125 0.0671875
1 0.415625 0.4890625 0.03984375 0.04453125
1 0.5390625 0.53046875 0.0734375 0.08671875
1 0.63515625 0.69609375 0.04296875 0.04375
1 0.6234375 0.62421875 0.0375 0.0734375
1 0.60625 0.53984375 0.0265625 0.046875
1 0.58828125 0.4390625 0.040625 0.05546875
1 0.7140625 0.64453125 0.04375 0.04296875
1 0.7625 0.79765625 0.0734375 0.0546875
1 0.6609375 0.7859375 0.03828125 0.06171875
1 0.79453125 0.63515625 0.04375 0.0453125
1 0.67578125 0.59765625 0.04765625 0.04765625
1 0.68984375 0.51640625 0.04453125 0.053125
1 0.6828125 0.459375 0.02109375 0.0109375
1 0.7234375 0.71328125 0.040625 0.0640625
1 0.45 0.67109375 0.03828125 0.1046875