9 0.56484375 0.7765625 0.02890625 0.06171875
9 0.78828125 0.78828125 0.0359375 0.07109375
9 0.9625 0.628125 0.02578125 0.05859375
9 0.98984375 0.63359375 0.01953125 0.06171875
9 0.85 0.6078125 0.02265625 0.0453125
9 0.81328125 0.60078125 0.0140625 0.03515625
9 0.83203125 0.59765625 0.0171875 0.0375
9 0.465625 0.7359375 0.03203125 0.0390625
9 0.46953125 0.68828125 0.0140625 0.04921875
9 0.41953125 0.68828125 0.03515625 0.059375
9 0.10390625 0.6765625 0.01796875 0.0265625
9 0.15078125 0.65390625 0.03046875 0.046875
9 0.0375 0.640625 0.03515625 0.04375
9 0.20625 0.64296875 0.0234375 0.04765625
9 0.240625 0.63671875 0.02109375 0.040625
9 0.228125 0.66484375 0.021875 0.034375
9 0.33984375 0.6140625 0.02890625 0.0484375
9 0.35234375 0.6484375 0.028125 0.028125
9 0.36171875 0.703125 0.0265625 0.065625
9 0.3015625 0.69140625 0.0265625 0.04296875
9 0.2875 0.675 0.02265625 0.028125
9 0.3078125 0.6609375 0.02734375 0.0578125
9 0.33203125 0.675 0.01875 0.05859375
9 0.63515625 0.57109375 0.025 0.04765625
9 0.58125 0.50546875 0.02578125 0.05078125
9 0.64609375 0.5046875 0.01953125 0.01328125
9 0.66171875 0.54296875 0.01796875 0.03984375
9 0.68203125 0.5453125 0.01875 0.0359375
9 0.709375 0.540625 0.0171875 0.05859375
9 0.734375 0.5390625 0.0171875 0.03671875
9 0.7515625 0.55546875 0.01875 0.0296875
9 0.77734375 0.58984375 0.0125 0.04921875
9 0.784375 0.5671875 0.0171875 0.0265625
9 0.68125 0.47578125 0.0328125 0.0390625