9 0.43359375 0.66796875 0.05625 0.07578125
9 0.334375 0.64765625 0.0296875 0.06640625
9 0.3578125 0.63671875 0.03828125 0.07109375
9 0.38359375 0.6046875 0.0359375 0.05234375
9 0.45703125 0.57734375 0.04296875 0.0421875
9 0.42265625 0.57578125 0.0390625 0.05625
9 0.428125 0.54609375 0.04296875 0.0515625
9 0.47421875 0.52734375 0.03671875 0.04921875
9 0.50625 0.559375 0.046875 0.05078125
9 0.5875 0.57421875 0.04765625 0.053125
9 0.61015625 0.50703125 0.0453125 0.07578125
9 0.66484375 0.52265625 0.04609375 0.05859375
9 0.7125 0.528125 0.0453125 0.0734375
9 0.69140625 0.61484375 0.05390625 0.05
9 0.75859375 0.6265625 0.04140625 0.090625
9 0.7875 0.51640625 0.0484375 0.04609375
9 0.81953125 0.56796875 0.0359375 0.05859375
9 0.85078125 0.6546875 0.03828125 0.07265625
9 0.784375 0.6984375 0.03671875 0.07109375
9 0.20859375 0.66640625 0.06328125 0.0328125
9 0.0296875 0.6015625 0.05859375 0.090625
9 0.1296875 0.546875 0.03984375 0.075
9 0.14609375 0.58828125 0.0421875 0.05546875
9 0.178125 0.57578125 0.03046875 0.0921875
9 0.2109375 0.52421875 0.06484375 0.06640625
9 0.28359375 0.61796875 0.0359375 0.05703125
9 0.24140625 0.6078125 0.0609375 0.0671875
9 0.3734375 0.54140625 0.03671875 0.0640625
9 0.30546875 0.58125 0.04765625 0.08515625
9 0.66875 0.65703125 0.034375 0.06796875