1 0.22890625 0.84375 0.06171875 0.0703125
1 0.33359375 0.778125 0.075 0.059375
1 0.1453125 0.971875 0.0625 0.05625
1 0.0609375 0.9734375 0.071875 0.053125
1 0.34921875 0.86796875 0.06796875 0.07890625
1 0.4015625 0.90859375 0.06171875 0.09375
1 0.59765625 0.909375 0.0640625 0.06328125
1 0.4671875 0.828125 0.06953125 0.04765625
1 0.40390625 0.815625 0.05390625 0.0625
1 0.4125 0.75390625 0.0578125 0.05625
1 0.5015625 0.75390625 0.06171875 0.078125
1 0.378125 0.97734375 0.10625 0.0453125
1 0.246875 0.91171875 0.06328125 0.09453125
1 0.6328125 0.7875 0.0578125 0.08671875
1 0.75546875 0.903125 0.0828125 0.06875
1 0.96796875 0.8890625 0.05078125 0.09375
1 0.9015625 0.9578125 0.059375 0.084375
1 0.8828125 0.86484375 0.06953125 0.059375
1 0.9296875 0.7515625 0.04765625 0.096875
1 0.98671875 0.6671875 0.0265625 0.065625
1 0.934375 0.63125 0.05078125 0.05234375
1 0.93203125 0.58515625 0.046875 0.05234375
1 0.97734375 0.553125 0.0453125 0.06875
1 0.72421875 0.32109375 0.03515625 0.04765625
1 0.7984375 0.3609375 0.02734375 0.0328125
1 0.7703125 0.38203125 0.0265625 0.040625
1 0.15078125 0.30234375 0.03828125 0.04609375
1 0.02890625 0.35703125 0.03515625 0.034375
1 0.05546875 0.39453125 0.03515625 0.03359375
1 0.12578125 0.37578125 0.06171875 0.05
1 0.04921875 0.6046875 0.03828125 0.0484375
1 0.06953125 0.65234375 0.059375 0.06328125
1 0.1078125 0.71328125 0.059375 0.09140625
1 0.16171875 0.64609375 0.06640625 0.05859375
1 0.23671875 0.55859375 0.05078125 0.0546875
1 0.309375 0.54765625 0.0421875 0.0453125
1 0.26484375 0.4 0.05 0.0359375
1 0.24609375 0.375 0.05 0.03984375
1 0.2984375 0.3703125 0.04609375 0.04296875
1 0.26640625 0.61015625 0.06171875 0.0484375
1 0.35234375 0.63515625 0.0296875 0.059375
1 0.15078125 0.51484375 0.05078125 0.06015625
1 0.08125 0.4609375 0.0484375 0.0546875
1 0.02265625 0.5359375 0.0421875 0.06171875
1 0.5453125 0.628125 0.059375 0.0546875
1 0.63203125 0.6828125 0.0546875 0.06640625
1 0.57109375 0.7203125 0.06875 0.0640625
1 0.78203125 0.6765625 0.05 0.065625
1 0.85234375 0.69375 0.053125 0.05625
1 0.88046875 0.66015625 0.05390625 0.0515625
1 0.8796875 0.771875 0.0578125 0.06484375
1 0.7890625 0.790625 0.06015625 0.084375
1 0.725 0.815625 0.0484375 0.09453125
1 0.7265625 0.740625 0.046875 0.06171875
1 0.646875 0.6015625 0.03828125 0.06875
1 0.72421875 0.51640625 0.05078125 0.05
1 0.60703125 0.3140625 0.0328125 0.04765625
1 0.65625 0.33671875 0.0375 0.0421875
1 0.478125 0.309375 0.0234375 0.0421875
1 0.5234375 0.3109375 0.03671875 0.040625
1 0.47734375 0.46328125 0.0453125 0.0640625
1 0.42578125 0.54765625 0.04296875 0.04921875
1 0.3375 0.58671875 0.03671875 0.03828125
1 0.44296875 0.66875 0.059375 0.0640625
1 0.5421875 0.55 0.04765625 0.05859375
1 0.61015625 0.57578125 0.0546875 0.04296875
1 0.63828125 0.5203125 0.046875 0.053125
1 0.6609375 0.45859375 0.05 0.0546875
1 0.7515625 0.596875 0.06953125 0.06796875
1 0.71875 0.65546875 0.05703125 0.078125
1 0.38671875 0.38359375 0.0453125 0.034375
1 0.4109375 0.4140625 0.0359375 0.03671875
1 0.37890625 0.33203125 0.03125 0.04375
1 0.35859375 0.2984375 0.02265625 0.0609375
1 0.39140625 0.2828125 0.0203125 0.02890625
1 0.42578125 0.30234375 0.053125 0.0359375
1 0.20078125 0.30703125 0.03046875 0.04140625
1 0.2421875 0.31015625 0.04375 0.034375
1 0.1796875 0.36796875 0.046875 0.03359375
1 0.528125 0.9796875 0.059375 0.040625
1 0.70234375 0.96953125 0.0890625 0.0609375
1 0.5625 0.4671875 0.04921875 0.05859375
1 0.6375 0.37734375 0.040625 0.03515625
1 0.5703125 0.365625 0.03125 0.04765625
1 0.63671875 0.4078125 0.03828125 0.03828125
1 0.49765625 0.35859375 0.034375 0.0296875
1 0.50625 0.38515625 0.03671875 0.04140625
1 0.29140625 0.315625 0.03125 0.0375
1 0.33203125 0.31796875 0.03671875 0.040625
1 0.5 0.53828125 0.03984375 0.06328125